5.8906604646035e-05 0.000142804189136252 0.000114717112120884 0.000215926422905298 0.000146789546855534 0.000326762445756575 0.000581120579638549 0.000207202933517459 0.000216160173069144 0.000229899009670693 3.93623996823334e-05 2.26334513357362e-06 0.000248018451239023 7.26958660378125e-05 5.04273409087584e-05 2.96343472349346e-05 0.000190966367994064 1.97276891858402e-05 5.38777362739222e-05 4.30756753978304e-05 6.24140004466051e-05 2.45699517387719e-05 0.000236255063590196 1.10657849930533e-05 9.24677196361488e-05 8.03564814843741e-05 0.000113613885750448 0.000103752386529324 4.28910307812825e-05 9.04497708869699e-05 6.98212555888151e-05 9.70421454566304e-05 9.24575316931682e-05 2.60975034249181e-05 1.05887168183963e-05 2.49730482231839e-05 8.50672796096096e-05 4.53753789048396e-05 0.00026816236007348 9.24473090400814e-05 0.000375106093930245 7.02753210295686e-05 8.18670370323572e-05 0.000106248089035394 5.84124720523798e-05 0.00030808946918185 0.000121310592225495 0.000183941337216116 5.72408812733915e-05 0.000153408413362849 2.21609780633869e-05 7.53014074803061e-05 4.23337290312468e-05 0.000128733570526552 0.000333622876400848 4.30397253960506e-05 2.02006586454952e-05 8.42575166516291e-05 0.000202804392826765 8.57041580174172e-05 7.77126240620551e-05 6.92912958111838e-05 4.82054825944157e-05 7.76631781511394e-05 4.88820504691314e-05 1.53165957454091e-05 0.000148659987431623 0.000130197809443862 0.000127058887429705 0.000175012869942052 6.0565724068128e-06 7.26619589794418e-05 3.48457608603673e-05 8.67668348273231e-05 0.000116456465172725 1.49350507451673e-05 1.69501203054804e-05 2.59531040926288e-05 1.24714813429214e-05 3.00324687928626e-05 0.000302614530506125 0.000152707375991749 0.000134672556009241 6.86223687111788e-05
0.000142804189136252 0.000110329069498064 8.9956148848759e-05 0.000135606541018193 5.98960933802557e-05 0.000137934885107667 0.000543305296658331 0.000375839201138272 0.000100421097121989 0.000135790256400858 1.44778122221691e-05 9.97631859391863e-05 0.000293512012631968 3.7404664846962e-05 3.02745101371807e-05 2.16258172164869e-05 0.000160106186884489 0.000126739621236414 0.000144910985590662 6.94583576578075e-05 4.83458993205527e-05 7.72816265183348e-05 0.000273059775294497 0.000127313215887052 5.21337662464826e-05 0.000341817171642439 8.00686360662013e-05 0.00025039911600791 5.05996179354957e-05 0.000173639537699551 8.26198317160275e-05 0.000141142960181756 5.83898225510535e-05 3.1638281852528e-05 1.05306805600687e-05 9.46955900992118e-06 0.00013698460923527 7.7253903522221e-05 0.000573237514577265 0.000148243982641977 0.000226460697409124 2.7787314061792e-05 7.53163139304004e-05 8.97265177053271e-05 7.01195607017582e-05 0.000365126507087889 2.58778727843774e-05 0.000270325180174511 0.000451931759210034 7.7732504831507e-05 0.000260893876551169 9.47414308887063e-05 3.45113904273306e-05 0.000207798891488623 0.00018977657301348 6.6041806718739e-05 0.000140614697385096 3.0460638465904e-05 0.000117530496612439 4.57512440763622e-05 6.33979667404427e-05 0.000101836386529651 5.99256175727846e-05 0.000128267698082127 0.000135950792953021 0.000106679714631763 0.000194517560205183 4.11933401317892e-05 0.00015380597763969 0.00027036972849365 0.000102941137403743 0.00011866788865517 1.55427331715109e-05 1.1442379781559e-05 0.000211080860723456 9.2694313866471e-05 3.72996065622049e-05 8.01496100251854e-05 9.554456829771e-05 5.26758331051199e-05 0.000197090423052972 0.000132814250969129 0.00035019982046804 4.36861017326427e-05
0.000114717112120884 8.9956148848759e-05 0.0001593566021618 0.000207890684908343 0.000148321284100891 0.000268579112754783 0.000292090580899245 0.000585323055197402 0.000165702478843728 6.07619000439653e-05 4.17763146735379e-05 0.000176178139411944 6.44134777145004e-05 5.00853494922921e-05 3.53506523586486e-05 0.000103746656916718 0.000170026636379616 5.54738095082848e-05 0.00011753183913423 5.27676896621184e-05 9.59686087988517e-05 0.000111885460682733 0.000142291119168288 7.19331337117907e-05 8.24163333671913e-05 0.000252277740543367 0.000137667039675809 0.00025364137682367 3.64439307834882e-05 6.45959991217622e-05 5.68423347635722e-05 8.04229320812915e-05 9.13418790385983e-05 4.87981344414706e-05 2.65899827067801e-05 2.68367125433902e-05 3.00923689330938e-05 2.17650793133428e-05 0.000289411534395943 8.52417274775717e-05 0.00010555252413306 7.03151570222225e-05 3.86019348023852e-05 0.000183927495438345 0.000159005108584548 0.00034106887464756 9.13972602414461e-05 0.000326404222616486 0.000427019631789002 5.04590526865663e-05 0.000236156344014895 7.63115150773475e-05 2.58314646636974e-05 0.000145487597223873 0.000283595837638835 3.27472872603877e-05 7.77956024457123e-05 6.81801073720009e-05 7.57205423028598e-05 1.09045759152158e-05 3.60711333677593e-05 0.000159112899558402 3.90596301844426e-05 4.27419310304215e-05 3.43027152984678e-05 8.1195224015444e-05 6.27770542772122e-05 8.14099624245354e-05 7.60697301325196e-05 8.52973383980997e-05 2.82253734344463e-05 0.000149187864109264 2.77143242745893e-05 3.55958263092183e-05 0.000110287378274105 5.82422279198445e-05 1.5090003460366e-05 4.22063340152999e-06 1.40476409314075e-05 1.12292695134808e-05 6.66125331765841e-05 2.29575339045957e-05 0.000106690293479515 0.000130086882440709
0.000215926422905298 0.000135606541018193 0.000207890684908343 0.000569146269876799 0.000175578171413019 0.000243719962147469 0.000681012153815501 0.000382651057396162 0.000201854922750567 8.62502934816821e-05 0.00012672750517025 0.000159659269475959 0.000391577120757954 0.000343280491818643 0.000207502724806131 0.000281807996942505 0.000401507977550477 0.000147993914515569 0.000218581947680516 0.00011064451672195 0.000104244024223104 0.000221150788946376 0.000270018442918233 0.000154021791962835 2.35592359212939e-05 0.000138092449366942 0.000260592708527999 5.07417607484084e-05 8.36236178121225e-05 6.26988074686819e-05 7.44587089271664e-05 3.98034297464198e-05 0.000110168305037675 7.52577268270214e-05 5.22831293378281e-05 0.000201525617405973 0.000182706633958301 6.74665932963396e-05 0.000807766400988936 2.52730897756311e-05 4.24678016849044e-05 0.000184841818775727 9.31918920788937e-05 0.000138161945081204 0.000108398579989198 0.000425166225793389 6.44622557275795e-05 0.000178492821857177 0.000340141724395504 0.000579863388424897 0.000129720447363066 0.000438617756158559 0.000151009988979811 0.000225636002024571 8.80138189349103e-06 6.66880951585213e-05 0.000209968320626153 0.000181093338539264 0.000188494438007404 5.23290495104063e-05 9.56410036976028e-05 8.18210919968082e-05 0.000163045078657885 0.000113091718308126 0.00014461176561325 0.000297276814617157 0.000192196879983617 0.000453524985185883 0.000346784313848214 0.00018691349111002 8.16700378295366e-05 0.000196957258619776 3.89535627945108e-05 7.3250348120108e-05 0.000268340575174606 0.000226163242112014 0.000195930994137172 0.000236423735009445 2.69995559611489e-05 4.12862132146422e-05 0.000450024678772707 0.000110446997406336 0.000532447688544623 8.29868752866888e-05
0.000146789546855534 5.98960933802557e-05 0.000148321284100891 0.000175578171413019 0.000160634476946855 0.000275831185835004 0.000542061204885412 0.000412722572627064 7.94894963870709e-05 0.000136377406509536 6.65905148475227e-05 0.000252483539328476 0.000222028205591471 3.31952897293108e-05 2.78625258425415e-05 8.10467009621044e-06 0.000160089616262916 5.50013314102861e-05 7.674632995946e-05 5.87280974880923e-05 9.77898582365441e-06 4.62578348037207e-05 6.40490503231392e-05 8.60271577228799e-05 3.32407271551134e-05 0.000352506982449977 1.20974459828739e-05 1.74210292985374e-05 7.451453824501e-05 0.000200058107118626 3.83401791909564e-05 2.96607610484867e-05 0.000120848442446783 2.85749952044079e-05 4.9065690176467e-05 3.05595477460731e-05 0.000122307450676439 1.07932987131833e-05 0.000260653328523886 0.000211648398407387 0.000295160678778839 0.000141898395147822 7.96738106636243e-05 0.000107669349741659 0.000170011813613337 0.000272757100798754 9.86180718012165e-05 0.000255338762185057 2.97971008787684e-05 0.00013629217705845 0.000253813542232777 0.000167530256375495 4.97651192396112e-05 0.000124077288062306 0.000124930879487035 2.35053073198267e-05 5.0524699034428e-05 4.81335934584676e-05 8.14589817880671e-05 9.23070111699837e-05 4.55404825189279e-05 1.01162942872447e-05 6.97243371206393e-05 0.000122004115553725 0.000156918278777729 0.000118515968992838 4.35929035465773e-05 0.000287384172707929 3.26686266944577e-05 0.000124025628170063 1.55393990670604e-05 0.000146730435507658 3.35410339423646e-05 0.000120222255879025 2.58751459519951e-05 1.87152898688141e-05 4.43178771191678e-05 4.96779084181187e-05 7.03170171866413e-05 4.56547266959202e-05 0.000227985981520518 0.0001424983386514 0.000188018918163207 0.000115468833906638
0.000326762445756575 0.000137934885107667 0.000268579112754783 0.000243719962147469 0.000275831185835004 0.000471378918748987 0.000747731397459165 0.000571646197189924 0.000311515596159333 0.000335556019047441 0.000195904516400943 0.000326812198660217 0.0001985577660586 8.69735232922516e-05 0.000152787334546922 0.000153778022257604 0.000207997716103509 0.000253869811928008 3.06360910308554e-05 0.000108394022320913 5.57125245192396e-05 4.0493208856423e-05 0.000413260930018394 0.000279542833740378 0.00010186640379601 0.000265414170226209 7.61171927979296e-05 0.000296041245377202 0.000244559213300258 0.000139430039611528 6.55356347355875e-05 0.000200282802363063 0.000389424769671924 0.000124192544583637 0.000112144506979644 0.000212358022605193 0.000277675697137179 0.000165568705528424 6.71138006576528e-05 0.000313713389390316 0.000170317576773923 0.00023594838217602 8.35971208870568e-05 0.000218374038309046 0.000103811724140076 0.000427914950107077 0.000301044189758233 0.000331731891199654 0.000348274174927634 0.000595766746286111 5.32494485821564e-05 0.000255698421975453 6.67980660577176e-05 0.000372511223827488 2.11077829236874e-05 3.01623012386184e-05 0.000242588327669583 0.00016020674808727 0.000353295283453208 0.000229110699620554 0.000175057372041566 0.000319593658248557 0.000138246848008466 4.06030727145571e-05 0.00025343641288104 0.000225637758487962 0.000150374526555202 0.000305616204061207 0.000314819741777866 0.000315458043081985 2.6637458882368e-05 0.000315243222270721 0.000108931677830203 0.00014717437650883 0.0002291517718015 0.000121695540293191 9.14301349076613e-05 4.03895673085518e-05 0.000112825796969479 4.27304650920442e-05 0.000231582865386687 0.000102468042612866 0.000188663078196846 4.59474800326062e-05
0.000581120579638549 0.000543305296658331 0.000292090580899245 0.000681012153815501 0.000542061204885412 0.000747731397459165 0.000247111111111111 0.000534000834376304 0.000832392963823432 0.000255288736420812 0.000238301656107591 4.93026273110607e-05 0.000337038997706017 0.000100472251275712 9.55207543992591e-05 0.00062891102954029 0.000449438202247191 8.83002207505519e-05 0.000547527946582639 0.000635320874122417 0.000435290404040404 0.000472460503133755 0.000336712208021155 0.000500741368354162 0.00063961416929985 0.000247704703016676 0.000102725918134806 0.000289373485635168 0.000219564061669325 2.93317793317793e-05 0.00045469244288225 0.000556394763343404 0.000409398427500457 0.000237732909951471 0.00019818501546716 0.000246835953244659 0.000201075365714457 0.000370848306653599 0.000577915376676987 0.000441759880686055 0.000110435663627153 0.000500377928949358 0.000598785804506377 0.000436165379373012 0.000258228446492939 0.000478521718262539 0.000330544879041375 0.000603258944385406 0.00105887560867641 0.000167510976021614 6.78952473326867e-06 0.000673325262308313 0.000390333934243283 8.75239059511756e-05 0.000212974818608621 0.00035832689169458 2.11022053163067e-05 5.00304282374043e-05 0.00043060584117789 0.000207361064141585 7.31697291075759e-05 9.03521389377231e-05 0.000176202823393835 0.000106843733494303 0.000113469156762875 0.00036058506543495 0.000106841101117471 0.000311591072714183 0.000181500872600349 0.000352310231023102 4.66054535336672e-05 9.01898734177215e-05 8.55196257880822e-05 0.000318183041360566 0.000599576006983414 0.000453930487520411 0.000122241922773838 0.000359033604929263 9.69423210562891e-05 0.000109340380662556 0.000449241840143922 0.000275700249303417 0.000282707622298066 0.000511031347212252
0.000207202933517459 0.000375839201138272 0.000585323055197402 0.000382651057396162 0.000412722572627064 0.000571646197189924 0.000534000834376304 0.00033364609391276 8.97238375051456e-05 0.000689111818589704 3.24124172666094e-05 0.000528758580401954 0.000427678589767119 6.7296729069557e-05 0.000501068366273705 0.000541283578778665 0.000124922070190735 0.000308221921994104 0.000516203435703587 0.000136628810338049 0.000133729346025967 6.11630147249958e-05 0.000846143620468733 0.00023077459406338 4.75606981702348e-05 0.00012698560102883 0.000164385076402037 0.000233612368523999 0.000426732079373539 7.85874534310079e-05 2.54712063189708e-05 0.000416295377614095 0.000397335671234682 0.000397267298880056 0.000234611104382615 0.000381787694109777 2.63914645943277e-05 0.000549680485121266 0.000718131927034696 4.4518735667907e-05 0.0001545434833055 0.000406279533089832 0.000646052645870901 0.000368617291377966 0.000597493898040872 0.000234724651314503 0.000489816430610612 9.17725264976545e-05 0.000437133402144447 0.000242197376913645 0.000281025384543482 0.000249820447472173 2.82834872460006e-05 0.000305815952018998 4.72742015868107e-05 2.73574812284143e-05 0.000268301686032959 0.000488804048204293 0.000332602574362051 8.27992210418586e-05 0.000135512836600072 2.80036796835104e-05 0.000285144676307788 0.000190572479539665 0.000437463212717085 0.000594565377622721 0.000197891477183765 0.000409799506402442 0.000513976895202773 0.00014121405882766 3.50631319199082e-05 0.000153640098646515 4.24283404896755e-05 0.000273157706113832 0.000230600633882514 9.22655715079064e-05 0.000177850489826231 0.000168412510043489 0.000104804389781876 6.67026623833969e-05 0.000233039950670798 0.000111776324012583 0.000812128642031208 0.000193529780136154
0.000216160173069144 0.000100421097121989 0.000165702478843728 0.000201854922750567 7.94894963870709e-05 0.000311515596159333 0.000832392963823432 8.97238375051456e-05 7.36932744918056e-05 0.0003755880037277 6.95552129501736e-05 0.000262566396517889 0.000110075327366483 1.18500159730641e-05 0.000172612289575852 1.91589518890146e-05 0.00025669042140736 0.000135835221765286 7.87345166966851e-05 8.02908547288852e-05 7.19210860681156e-05 4.67603731891895e-05 0.000273312487374748 6.37989456547575e-05 5.00078130308328e-05 3.20887919260122e-05 3.05015369021906e-05 0.000266239855744526 6.58033688148803e-05 0.000121511136280469 4.7153605611769e-05 0.000143943771908393 0.000109782094376553 0.000114843944170751 4.93580406580661e-05 9.21039060483973e-05 8.94863659057424e-05 2.49924290830337e-05 0.000675264428618059 3.0665030208396e-05 8.44869799258936e-06 0.000152636007384478 6.38353469155965e-05 0.000105366522443333 1.50326543966866e-05 0.000276579267618099 0.000131204752275898 0.000102108010170593 0.000151622737945221 3.09365259828148e-05 3.50083360079165e-05 9.43249148765358e-05 2.94030187156197e-05 0.000184205712695767 9.88036052054414e-06 1.06469834017377e-05 1.7482995954721e-05 0.00017682257126648 0.000331895121141719 1.49981351243024e-05 4.54109800106964e-05 3.59902252988104e-05 3.75784450039457e-06 3.91672805753904e-05 0.000211731055634976 0.000106467049253083 2.54416742494163e-05 0.000109532558337915 7.75435590625614e-05 0.000227904054925904 3.12883182336752e-05 0.000237236742050272 1.00616466331478e-05 0.000130887839410454 6.06549819220837e-05 8.87042728356912e-06 7.7456906596239e-05 9.7705839049473e-05 6.16969735270395e-06 5.09790055537613e-05 0.000397915893119023 4.21257115923388e-05 0.000144566944831781 9.33976220298305e-06
0.000229899009670693 0.000135790256400858 6.07619000439653e-05 8.62502934816821e-05 0.000136377406509536 0.000335556019047441 0.000255288736420812 0.000689111818589704 0.0003755880037277 0.00040399218568415 0.00014341544379859 3.26167568623153e-05 0.000246643245584484 9.72655396938812e-05 0.000212025317826764 3.20993972733839e-05 0.000149363038911481 0.00017357127440846 4.84505663311417e-05 7.04729523791109e-05 0.000170552003742398 0.000228601794512011 0.000198816625303233 0.000115719588728585 2.2892081450739e-05 0.000472324826424543 1.82667019672561e-05 0.000354452655634105 6.53782681012527e-05 9.42721515191498e-05 7.59208626370479e-05 6.43980418676879e-05 0.000116436725695774 7.95408172335971e-05 0.000114572877398947 0.000118456011830564 6.31999036718313e-05 0.000227471655525751 0.00032813974194896 5.08440105755542e-06 0.000198115814334201 0.000232609839247306 0.000212599876339835 0.000169256840216867 5.21102087965985e-05 0.000265347554356886 3.02488667339639e-05 0.000263624150797571 0.000675684910443987 0.000495289535835501 0.000317141179191213 8.56594636575449e-05 0.000141990927599701 0.0001362574091323 0.000271098758463772 3.21345329439917e-05 1.81028008397136e-05 4.45421927878402e-05 0.000223956463794973 5.97471708554461e-05 9.6561705256447e-05 0.000207383510913746 7.12717428850564e-05 3.01559606750742e-05 0.000206490781538031 0.000202920309460899 0.000148884866810938 0.00013336840428409 0.00016075940178232 0.000333022689061359 3.69800510857146e-05 0.000157922519920968 0.000131879377773964 4.19227206744857e-05 0.000255316650399555 2.71342927508342e-05 4.55316538528602e-05 0.000137319829812585 6.43485446463799e-05 8.63505249576197e-05 0.000511471915001104 0.00018827929327726 0.000332771822806596 7.49890102312592e-05
3.93623996823334e-05 1.44778122221691e-05 4.17763146735379e-05 0.00012672750517025 6.65905148475227e-05 0.000195904516400943 0.000238301656107591 3.24124172666094e-05 6.95552129501736e-05 0.00014341544379859 3.37755997333976e-05 4.79851448662871e-05 7.76683810784996e-06 4.00596274952416e-05 3.81992841317289e-05 1.03454632870399e-05 2.44567581620007e-05 3.07730734870907e-05 3.6073744640566e-05 6.32235531755583e-06 1.89369380141304e-05 5.1302855122827e-05 5.16307453348756e-05 5.52797883603414e-05 5.14797317456799e-06 7.34427558545997e-05 8.17463594301206e-05 4.92837637929616e-05 1.2497520438764e-05 7.77259863621984e-06 7.60261231384881e-06 1.21026131458612e-05 1.44803555229082e-05 2.46056229728538e-06 5.3072401331376e-06 2.66278467940207e-05 7.68031084705986e-05 4.70591362317331e-05 3.48700111366098e-05 7.58393488856216e-05 0.000142904777783071 7.17831869882554e-05 3.97258551883618e-05 6.46260147193292e-05 4.63527827639448e-05 5.35735734005568e-05 3.79331106198612e-05 0.000161347914176611 2.31005141008343e-05 4.06529746096836e-05 5.00220625325373e-05 8.59346174309919e-05 1.29095597178915e-05 0.000146653301878742 0.000128830822395344 4.85718320547572e-05 3.94967804404967e-05 8.2290436882546e-06 8.11276942664209e-05 2.33751309806083e-05 3.35130413636049e-05 7.08509570314925e-05 1.79643094322519e-05 1.47688757743061e-05 1.75497095523069e-05 2.89036555936916e-05 4.81104312866713e-05 9.60963469704684e-05 1.9106620958198e-05 3.17304154556836e-05 4.14602122057751e-06 4.59453432438098e-05 4.07057250389815e-05 7.38385575795252e-05 5.71541887783104e-05 4.40057447630067e-05 1.44518884808201e-05 3.17170325438921e-05 2.52960545956057e-06 2.06016190816442e-05 9.34090169180869e-06 8.40579357219381e-05 0.000189435538050036 1.09871512566883e-05
2.26334513357362e-06 9.97631859391863e-05 0.000176178139411944 0.000159659269475959 0.000252483539328476 0.000326812198660217 4.93026273110607e-05 0.000528758580401954 0.000262566396517889 3.26167568623153e-05 4.79851448662871e-05 1.4308425905868e-05 0.000237817763596093 0.000101884686273658 3.11947051832041e-05 0.000125794860516674 7.74453600207007e-05 3.68752949128562e-05 2.01310154960271e-05 1.47217403444868e-05 9.22755367492636e-05 0.000199868451905226 0.000198775554023422 0.000174065773158804 0.000186615883986685 0.000149416818590479 1.12156875655723e-05 7.62901369483743e-05 9.23577151234764e-05 0.000104150363637876 8.49604982707483e-05 0.000107180689738974 4.28357230892465e-05 6.67141445432581e-05 6.15894394507926e-05 8.51688531836443e-05 6.58247586501026e-05 0.000119833363409781 0.000178916505742232 3.94746103514909e-05 0.000140613246285395 2.98340765649973e-05 9.58884225900516e-05 0.000105405749133875 1.91188614151649e-05 0.000503235770979386 0.000194886972522734 9.68597116338165e-05 0.000464355142948586 3.36847391043014e-05 0.00010083141082492 0.000236348435810219 0.000111537696567178 6.56272205290265e-05 0.000420296674630984 0.000185177090671501 9.02332483753499e-05 4.95250380546465e-05 0.000102580712289463 0.000120140217152963 0.000146859723903719 2.16429671424508e-05 2.70252767637848e-05 3.13150109232975e-05 0.000183174944255893 1.08244646384591e-05 0.000142155873384734 0.000189081208242231 0.000135538920579499 0.000365573372128001 2.4502942248325e-05 0.000127579649390765 2.51086623747263e-06 0.000101010442214682 6.05519400344066e-05 4.55014572251993e-05 4.23960439656501e-05 0.000124479769626337 1.35384543948218e-05 0.000145840938279995 0.000425518506116188 0.000325429647761114 0.000158305094877889 0.000128905497786882
0.000248018451239023 0.000293512012631968 6.44134777145004e-05 0.000391577120757954 0.000222028205591471 0.0001985577660586 0.000337038997706017 0.000427678589767119 0.000110075327366483 0.000246643245584484 7.76683810784996e-06 0.000237817763596093 2.85848722690588e-05 0.00012427885920967 0.000189491921630273 3.24559087751617e-05 6.78083047329007e-05 0.000169518660959172 0.000169638907128671 0.000234892040744249 0.000103352877638214 0.000177010642977056 0.000160867316310873 7.25501512732327e-05 4.6968994388988e-05 8.22786636992785e-05 0.000233926936564945 0.000323922671948379 8.57499516634119e-06 0.000401662921514695 0.000155520677011763 0.000100491689577173 0.000273619799009597 2.9956263854772e-05 0.000127549561729554 5.78669993592382e-05 0.000269675468257604 0.000224783556652633 0.000322599854352039 0.000200146142212716 4.18355508857069e-05 0.000115802011646374 0.000148862012840894 0.000112442272618274 5.28817553627121e-05 7.10795439170584e-05 5.6851864507764e-06 9.11367281577048e-05 7.13574148790404e-05 0.000150983430440083 0.000223099787991019 0.00014644488224806 4.73415971971048e-05 0.0002560251215494 0.000199110830341305 5.80395402722798e-05 1.43114718528948e-05 1.89991028455773e-05 0.000215623896724395 2.67644245478647e-05 0.00022842555256102 0.00026367503864174 0.000203973969297754 0.000126243677979839 6.83071773766629e-05 0.000260778030581817 9.00336630671958e-05 4.00179737870838e-06 9.97785470580573e-05 0.000185632644789095 0.000148971154500487 0.000157334378692542 0.000159698372550242 0.000245095493862719 0.000290337446975292 7.54873916535794e-05 6.2027014681239e-05 0.000101475885885289 0.000161936576595932 5.97763018165679e-06 1.46936796361518e-05 0.000243962254439473 0.000364062101948229 0.000143689026695909
7.26958660378125e-05 3.7404664846962e-05 5.00853494922921e-05 0.000343280491818643 3.31952897293108e-05 8.69735232922516e-05 0.000100472251275712 6.7296729069557e-05 1.18500159730641e-05 9.72655396938812e-05 4.00596274952416e-05 0.000101884686273658 0.00012427885920967 6.35853212169408e-05 4.18109670908211e-05 2.72695889261752e-05 8.34212060445029e-05 4.11989334622951e-05 2.73931378178083e-05 0.000117804494295755 9.09122123584423e-05 1.6271657153432e-06 0.000210660211281255 1.76835168897828e-05 3.08513513421627e-05 0.000242948286355403 4.77295927800653e-05 0.000105426895741464 1.81363157909902e-05 8.59968531357711e-05 2.7980474494972e-05 8.78546899706139e-06 0.000159499357699529 5.11053804395093e-05 2.45683177234017e-05 3.758238374698e-05 1.0642021595438e-05 5.73541314870586e-05 0.000116868134181103 5.89011207804813e-05 1.92191365954615e-05 2.14936534025356e-06 2.8858812264965e-05 4.50364497159723e-05 7.90036179004769e-05 0.000131262675747374 5.43030887558189e-05 2.36447300494306e-05 2.08351721951218e-05 0.000219599107114558 0.000140297538685461 0.000176699963002366 5.20110052740482e-05 2.42925079819501e-05 0.000216222086379993 2.420591076491e-05 1.31530274691145e-05 2.51940561323936e-05 7.76474652913592e-05 6.57743076582871e-05 4.79642019258076e-05 2.08191281408067e-06 1.71430886602578e-05 1.32980058135423e-05 1.36411046356671e-05 9.98493366398316e-05 4.44516455116744e-05 3.45424491171447e-05 5.81208086433981e-05 1.00811165075812e-05 4.60588651841688e-05 6.19977741482647e-05 3.44237688792653e-05 3.85840378883047e-05 0.000115964955959462 1.50736297677705e-06 1.94333850114562e-05 1.30953179225782e-06 2.56955167658332e-05 3.35196945605021e-05 0.000316152964224534 3.4553236895779e-05 7.50856487513634e-05 2.11328447068333e-05
5.04273409087584e-05 3.02745101371807e-05 3.53506523586486e-05 0.000207502724806131 2.78625258425415e-05 0.000152787334546922 9.55207543992591e-05 0.000501068366273705 0.000172612289575852 0.000212025317826764 3.81992841317289e-05 3.11947051832041e-05 0.000189491921630273 4.18109670908211e-05 3.2881554754113e-05 3.47387191356042e-05 0.000133886380342329 8.79600898168702e-06 2.25201063545956e-05 5.44413297707614e-05 0.000104059427949615 2.0277596687422e-05 3.08639535850667e-05 0.000116062014380722 8.45131498575516e-05 6.43008771328262e-05 9.21886889924912e-05 1.00983156271828e-05 4.25576775183268e-05 4.76824367011283e-05 2.4484267786996e-05 2.83145188840194e-05 5.59076668601381e-05 2.46861103375079e-05 1.66640289856936e-05 3.16480778035322e-05 2.46796128734415e-05 1.88580491692907e-05 0.000482336883916699 0.000111037462853307 0.000269431505760796 4.46890362611324e-05 3.7026940885551e-05 2.60507549038251e-05 9.33831657488728e-05 0.000118156751046681 2.72619696679571e-05 5.98925919473756e-06 8.88925564056815e-06 0.000413432209017813 6.67456119698295e-05 0.000107946646834656 2.64468788601059e-05 5.98758775934599e-05 0.000295502492093252 4.24018959081943e-05 3.19918376784127e-05 5.81868592391704e-05 0.000166590335149621 5.74454270578468e-06 5.35688737790245e-05 5.37463209177431e-05 1.94080945944854e-05 3.69530348106879e-05 1.24900776250284e-05 8.36956401265395e-05 6.07721376323175e-05 6.0583180625166e-05 7.28797067851234e-05 9.73650503469139e-05 3.71576554086735e-05 5.72272038393534e-05 3.0865679190963e-05 2.1635340997138e-05 5.81035108553281e-05 2.1576531684247e-05 2.01113944527148e-05 3.35030653029746e-05 2.76625807157134e-05 1.4938496379756e-05 0.00016965044364723 2.83509803021667e-05 0.000302481838158531 4.9030923027072e-05
2.96343472349346e-05 2.16258172164869e-05 0.000103746656916718 0.000281807996942505 8.10467009621044e-06 0.000153778022257604 0.00062891102954029 0.000541283578778665 1.91589518890146e-05 3.20993972733839e-05 1.03454632870399e-05 0.000125794860516674 3.24559087751617e-05 2.72695889261752e-05 3.47387191356042e-05 6.86223926355157e-05 4.12927731264079e-05 8.05019885299232e-05 5.50093568034152e-05 3.24790797392714e-05 7.605883163041e-05 7.61744669275364e-05 6.67709271487008e-05 3.28873793584849e-05 2.30375409010827e-05 2.25493897958263e-05 2.63019245838677e-05 3.60298352447297e-05 1.80073999175371e-05 4.99631464497747e-05 3.89063939502017e-05 4.00974390505724e-05 3.18930659656473e-05 5.02072427847372e-05 3.26515724054272e-05 2.60078325742343e-05 5.48586059303181e-05 4.26743553456345e-05 0.000307017994826152 0.00014865363175897 1.68352717471864e-05 4.13824272353001e-05 4.86929385902136e-05 4.62498930862098e-05 2.39215464994736e-05 0.000254830164189906 5.28572912809813e-05 3.20425837579208e-05 0.000101325166037476 0.000392003934384191 1.73141611952222e-05 7.65784525216769e-05 5.8052924820804e-05 7.85779375450518e-05 0.00020355403783397 4.10864181250262e-05 5.13686256985225e-05 3.21304988018918e-05 7.93600466591509e-05 5.34004350772185e-05 5.35280220731392e-05 5.237971961178e-06 0.000124773443062655 2.39744143836304e-05 0.000195994769812703 0.000105694227296783 3.59093600587584e-05 6.05174449179881e-05 3.75690217572014e-05 0.000204197464843495 6.56847673933045e-05 0.000134691421124483 9.83153062387814e-07 3.09809946026747e-05 1.60048568446479e-05 3.39836601988895e-05 2.17734613218357e-05 4.26437856836471e-05 1.56923415542679e-05 1.20453885920049e-05 0.000231228884318443 9.54718504920818e-05 0.000251751973001689 3.27630109997637e-05
0.000190966367994064 0.000160106186884489 0.000170026636379616 0.000401507977550477 0.000160089616262916 0.000207997716103509 0.000449438202247191 0.000124922070190735 0.00025669042140736 0.000149363038911481 2.44567581620007e-05 7.74453600207007e-05 6.78083047329007e-05 8.34212060445029e-05 0.000133886380342329 4.12927731264079e-05 0.000293453407959152 7.60638605716365e-06 6.21058585613358e-05 0.000132352728771622 9.27758389134794e-05 2.51018433872139e-05 0.000190649744232226 0.000129630378887226 0.00022379725326711 0.000418216689509109 0.000209079959543077 0.000319791071129935 0.00011427850354521 9.27599242205984e-06 3.33063459778967e-05 8.92011873375803e-05 0.000129483647360711 3.97509523735795e-05 9.71555973608983e-05 0.000106404177365959 2.26636142507726e-05 6.82899642353298e-05 0.000286406697510465 0.000223043343471667 0.000284598658971119 0.000196316042022302 0.00022334110231664 0.000162294292516 0.000167679516010057 0.000335703480800188 0.000269700179771894 0.000294033361592377 0.000138024680304997 0.000157098459752058 8.01011344936192e-05 0.000201038804400069 1.81333981505863e-05 0.000308170305174556 0.000121087437118455 0.00013899785793396 6.43384737967637e-05 0.000186870044614886 0.000229573641203384 7.98270845920111e-05 8.6023621047128e-05 0.000120823479201422 2.6155723668664e-05 0.000139407344983865 0.000181701989660632 0.000147217825293441 3.83565922809081e-05 0.000330930828904474 0.00013701786379591 4.65847146512404e-05 4.86727254537838e-05 7.1903791147142e-05 3.49052701816445e-05 0.000174929678904034 0.000251999815046007 0.000138476175384204 0.000105627606449385 0.000134841480983502 0.000151055534299985 0.000174743531025075 0.00039156913534258 0.000346273053975096 0.000246225920670834 7.81327719388811e-05
1.97276891858402e-05 0.000126739621236414 5.54738095082848e-05 0.000147993914515569 5.50013314102861e-05 0.000253869811928008 8.83002207505519e-05 0.000308221921994104 0.000135835221765286 0.00017357127440846 3.07730734870907e-05 3.68752949128562e-05 0.000169518660959172 4.11989334622951e-05 8.79600898168702e-06 8.05019885299232e-05 7.60638605716365e-06 8.23433670063204e-05 4.95409352410394e-05 7.84512492280934e-06 0.000102327078734363 1.33509994982855e-05 1.63252281202541e-05 0.000103235134173411 4.85996308953852e-05 0.000128305829477334 2.39963918342612e-05 0.000236246644614535 4.2961859796994e-05 0.000107673783170472 1.4112516827865e-05 4.1830710484799e-05 4.21763122427554e-05 2.19017982090519e-06 1.85685819830861e-05 3.67134593773607e-05 5.64080620799011e-05 3.69996963868594e-05 0.000449747925195406 1.59414492495963e-05 0.000343572401484195 6.595611018506e-05 5.2353040062407e-05 7.86718459299556e-05 3.57521191622515e-05 0.000269636707209119 2.62425141706083e-05 4.21091647840703e-05 5.89254461183962e-05 7.68041940368275e-05 0.000162832972552848 9.3404743197088e-05 2.62876783898115e-05 6.86315924362204e-05 0.000240027360631782 7.1289364859159e-07 2.30826925389552e-05 7.10975016603488e-05 0.000106506946209436 1.36280058319354e-05 5.06346067936942e-05 6.13176377115467e-06 9.39401397768836e-05 5.24884282104314e-05 0.000158947893125251 2.61331946632407e-05 6.1848059362585e-05 0.000175246377640782 0.000125111242097477 0.00012735048339271 4.35880993709162e-05 4.8900438706793e-06 2.06339136958276e-05 4.90901324129067e-05 4.13091754764553e-05 1.95237743840713e-05 2.79216178980164e-05 3.50924384546763e-05 3.7818297290705e-05 6.21396804553115e-05 0.00016597990608315 1.2159247292091e-05 7.77524128110662e-05 2.82776227400009e-05
5.38777362739222e-05 0.000144910985590662 0.00011753183913423 0.000218581947680516 7.674632995946e-05 3.06360910308554e-05 0.000547527946582639 0.000516203435703587 7.87345166966851e-05 4.84505663311417e-05 3.6073744640566e-05 2.01310154960271e-05 0.000169638907128671 2.73931378178083e-05 2.25201063545956e-05 5.50093568034152e-05 6.21058585613358e-05 4.95409352410394e-05 8.7980146552356e-05 0.00012245154400781 7.46336309300523e-05 5.23337487854855e-05 0.00015414882027051 4.20015767992634e-05 8.22267486392582e-05 0.000128414415966808 1.37600597133327e-05 6.3396772175256e-06 5.15736543802573e-05 0.000117848615485347 1.91094618932172e-05 4.43119844765259e-05 0.000154205355358155 5.95686678273488e-05 3.4797978063268e-05 5.54177991765099e-06 2.66459267550681e-05 2.05238623493504e-05 0.000146564661378725 3.24518220099385e-05 2.15923138545863e-05 3.49443926418943e-05 9.33402915903664e-05 5.30854604075266e-05 6.28716564757327e-05 3.8079330426017e-05 6.10134988422447e-05 0.00017959808776322 9.54244392375729e-05 7.79888722193375e-05 0.000223981620408786 0.000116521677051095 5.52611674508869e-05 3.26633324240773e-05 0.000108934251262902 4.20888528014068e-05 4.69233638006119e-05 5.31756130053308e-05 6.14428508961285e-05 5.04264325540566e-07 3.31753213801145e-05 3.86333005885535e-05 3.43153875917193e-05 3.15200908566619e-05 0.000111915617057717 6.71580850381455e-05 6.38366708755162e-06 0.000192430250414538 7.69147224156751e-05 0.000229785385695896 4.20779230294921e-05 3.34018761793785e-05 1.35220693217059e-05 2.29306784331936e-05 5.21634177572357e-05 1.87520571682163e-05 2.69826722940275e-05 3.23800966799069e-05 1.29673180962409e-05 7.02914240353069e-05 0.000283901057357905 0.000146451028172365 7.72968791649095e-06 1.20615294730299e-05
4.30756753978304e-05 6.94583576578075e-05 5.27676896621184e-05 0.00011064451672195 5.87280974880923e-05 0.000108394022320913 0.000635320874122417 0.000136628810338049 8.02908547288852e-05 7.04729523791109e-05 6.32235531755583e-06 1.47217403444868e-05 0.000234892040744249 0.000117804494295755 5.44413297707614e-05 3.24790797392714e-05 0.000132352728771622 7.84512492280934e-06 0.00012245154400781 0.000145111940794328 5.15247775890019e-05 1.553796402703e-05 0.000213334145661299 6.03380906118832e-05 9.74354832797504e-06 0.000103009683660638 2.27185629106843e-05 1.763560858868e-05 8.67736444209145e-05 0.000101454093222115 4.55607348734346e-05 3.740461884432e-05 3.90947081305439e-05 2.77079889347906e-05 4.99991438346286e-05 5.63702710758992e-05 9.46388801942216e-05 4.2611030474876e-05 0.000267947426281165 0.000101371283025304 0.000217639458315563 1.13197904495527e-05 3.62152633075365e-05 4.04504519196595e-05 8.83869743972529e-05 0.000125685584429425 7.02216435177811e-05 0.000129172655055261 1.7629472222846e-05 0.000193332064990832 0.000205797667731933 0.000173710497528054 2.71780795629016e-05 0.000150977050787458 1.36739099140025e-05 7.73022128994157e-05 3.83403580835298e-05 1.26418116961814e-05 0.000185351222711241 3.37014361990869e-05 7.83232345381393e-05 6.98950192693113e-05 9.73015298774667e-05 2.54779633467853e-05 9.18210805336036e-05 3.88108599157465e-05 1.5038567862629e-05 1.24617737492896e-05 6.05882584388038e-05 7.348888255779e-05 3.52006260805486e-05 0.000107546590614662 2.51580568496068e-05 8.85489248795465e-05 2.35831179501043e-05 1.63198650107635e-05 9.67294308358107e-06 5.87126867347532e-06 1.01012828835411e-05 5.42480525044177e-05 0.000332042064989444 1.83691988406066e-05 0.000397070273148912 5.87332986498795e-05
6.24140004466051e-05 4.83458993205527e-05 9.59686087988517e-05 0.000104244024223104 9.77898582365441e-06 5.57125245192396e-05 0.000435290404040404 0.000133729346025967 7.19210860681156e-05 0.000170552003742398 1.89369380141304e-05 9.22755367492636e-05 0.000103352877638214 9.09122123584423e-05 0.000104059427949615 7.605883163041e-05 9.27758389134794e-05 0.000102327078734363 7.46336309300523e-05 5.15247775890019e-05 1.20065076267728e-05 4.9635018848042e-05 1.11989217872867e-05 0.000106227360450512 0.000145347433254884 0.000219708680395864 2.56683652193776e-05 0.00025931858827108 4.37363064456366e-06 5.87487270725907e-05 7.49032504304912e-05 6.99339823206893e-06 1.24020304526339e-05 5.35534407643628e-05 1.91564845575397e-05 1.82160938282462e-05 8.33444838581362e-06 4.64178084338979e-05 0.000553131938580855 0.000103418129844304 0.00040674363313991 2.25021616390664e-05 7.17374978238565e-05 7.48268119633408e-05 8.64544219002648e-05 0.000159134996473009 0.000103339522285939 6.31480855311886e-05 0.000505763142715334 9.37055458332054e-05 8.39276004467566e-05 0.000135090309878445 1.24783113129752e-05 5.55568339486666e-05 0.000258567590113685 1.68971016529635e-05 3.4455923176885e-05 6.65996832939756e-05 5.50570421814086e-05 1.05414561577903e-05 4.18851232761703e-05 9.26235343687797e-05 0.000105609901958217 2.65746482404975e-05 0.00016569959998971 1.56734784332937e-05 7.26229486194736e-05 0.000110309357069616 6.73972215611614e-05 0.000174203618278495 3.74973914858097e-05 4.21624605762264e-05 5.92036614620889e-05 7.27090575570837e-05 0.000102207541180605 2.40391412102399e-05 2.40543548666332e-05 3.79311861777203e-05 1.32917408097655e-05 1.3833831629339e-05 0.000221470682149171 6.73530287476614e-05 0.000193380046195746 3.83070656311862e-05
2.45699517387719e-05 7.72816265183348e-05 0.000111885460682733 0.000221150788946376 4.62578348037207e-05 4.0493208856423e-05 0.000472460503133755 6.11630147249958e-05 4.67603731891895e-05 0.000228601794512011 5.1302855122827e-05 0.000199868451905226 0.000177010642977056 1.6271657153432e-06 2.0277596687422e-05 7.61744669275364e-05 2.51018433872139e-05 1.33509994982855e-05 5.23337487854855e-05 1.553796402703e-05 4.9635018848042e-05 8.28111146570485e-06 0.000199835571946171 2.42635316128214e-05 4.82016025325252e-05 7.34239816312924e-05 1.4274184598312e-05 2.84551451986205e-05 2.09450199531329e-05 7.9780428103797e-06 4.35278579661508e-05 5.4845548391349e-05 5.64540273621061e-05 2.87570788707235e-05 2.0174621231371e-05 2.95827703072595e-05 2.87029461130218e-05 3.87451513362258e-06 3.31299663093727e-05 0.000132278132218816 2.99579482584753e-06 2.19750407744763e-05 3.74403227997659e-05 5.37463160497542e-05 7.27004273442635e-05 5.42717175295589e-05 0.000144762032826062 8.48980776478555e-05 0.000136127643773173 0.000477132450651468 3.04653312514376e-05 6.3674450055209e-05 6.32563213979438e-05 5.73459169166156e-05 2.29377620576909e-05 3.12081704188324e-05 2.80271628291407e-05 9.8661872748714e-07 4.37630006699033e-05 4.50892799976746e-06 1.10540074655849e-05 4.0062572947499e-05 9.37321879074244e-05 2.6887366803499e-05 0.000196097209491105 5.26689363136107e-05 0.000136409755457506 4.49145248520487e-05 0.00014569802206051 0.000205251874290626 4.04171655413327e-05 4.59515643548574e-05 1.75515586286291e-05 4.63316708143428e-05 1.81690917136527e-05 3.39906559488566e-05 1.07925428982456e-05 9.84703710556413e-06 4.67221163162497e-05 4.7043119454752e-05 2.35825784737021e-05 7.48493492452338e-05 0.000172186237344053 8.81404559530045e-06
